ID,From,To,Weight
1,1,235,0.288
2,1,158,0.382
3,2,846,0.176
4,2,990,0.181
5,2,138,0.202
6,2,967,0.247
7,2,563,0.299
8,3,471,0.338
9,3,200,0.461
10,3,602,0.492
11,3,397,0.53
12,3,909,0.597
13,4,268,0.31
14,5,469,0.166
15,5,994,0.428
16,5,581,0.571
17,6,444,0.139
18,6,113,0.184
19,6,682,0.289
20,6,37,0.462
21,7,498,0.172
22,7,781,0.265
23,7,80,0.455
24,7,351,0.471
25,8,872,0.575
26,8,796,0.594
27,8,442,0.597
28,9,298,0.151
29,9,792,0.228
30,9,514,0.353
31,9,454,0.521
32,9,456,0.529
33,10,379,0.242
34,10,378,0.326
35,11,258,0.398
36,12,883,0.089
37,12,929,0.265
38,12,979,0.307
39,13,288,0.206
40,13,723,0.389
41,13,44,0.625
42,13,885,0.744
43,13,59,0.76
44,14,761,0.17
45,14,117,0.331
46,14,179,0.372
47,15,480,0.08
48,15,85,0.278
49,15,955,0.331
50,15,233,0.383
51,15,474,0.426
52,16,286,0.314
53,16,28,0.392
54,16,799,0.409
55,16,440,0.57
56,17,236,0.358
57,17,431,0.432
58,17,378,0.471
59,17,123,0.583
60,17,10,0.592
61,18,555,0.333
62,18,551,0.342
63,18,708,0.351
64,18,98,0.371
65,18,998,0.397
66,19,775,0.283
67,19,674,0.289
68,19,419,0.424
69,19,280,0.442
70,20,721,0.09
71,20,938,0.327
72,20,337,0.573
73,21,676,0.272
74,21,897,0.413
75,21,105,0.426
76,22,261,0.279
77,22,735,0.375
78,22,916,0.586
79,22,884,0.586
80,22,848,0.88
81,23,726,0.15
82,23,324,0.287
83,23,730,0.294
84,24,951,0.785
85,24,988,0.959
86,24,520,1.058
87,24,25,1.21
88,25,520,0.173
89,25,988,0.409
90,25,600,0.571
91,26,121,0.916
92,26,243,0.941
93,26,845,0.987
94,27,301,0.313
95,27,506,0.441
96,27,468,0.535
97,27,263,0.561
98,27,345,0.575
99,28,16,0.392
100,28,371,0.42
101,28,286,0.611
102,28,799,0.662
103,28,270,0.738
104,29,205,0.516
105,29,380,0.642
106,29,844,0.648
107,30,497,0.239
108,30,396,0.397
109,31,139,0.461
110,31,873,0.578
111,32,420,0.283
112,33,965,0.141
113,34,548,0.302
114,35,935,0.349
115,35,258,0.42
116,36,394,0.262
117,36,627,0.305
118,36,274,0.315
119,36,312,0.337
120,37,487,0.259
121,37,113,0.295
122,37,444,0.391
123,37,6,0.462
124,38,380,0.333
125,38,302,0.334
126,39,354,0.351
127,39,1,0.416
128,40,161,0.307
129,40,648,0.443
130,40,557,0.485
131,40,459,0.575
132,41,428,0.124
133,42,130,0.305
134,42,569,0.382
135,42,582,0.409
136,42,531,0.417
137,43,746,0.014
138,43,624,0.554
139,44,885,0.252
140,45,265,0.136
141,45,436,0.249
142,46,440,0.129
143,46,933,0.187
144,46,262,0.579
145,46,324,0.585
146,46,564,0.601
147,47,958,0.446
148,48,439,0.306
149,49,770,0.362
150,50,314,0.165
151,50,343,0.303
152,50,794,0.442
153,51,30,0.414
154,51,497,0.532
155,52,195,0.219
156,52,999,0.319
157,52,796,0.364
158,52,584,0.376
159,53,736,0.301
160,53,798,0.318
161,53,840,0.594
162,53,879,0.605
163,54,400,0.308
164,54,166,0.468
165,55,510,0.264
166,55,4,0.322
167,55,663,0.436
168,55,195,0.484
169,55,52,0.502
170,56,847,0.513
171,56,163,0.547
172,56,581,0.68
173,56,994,0.746
174,57,554,0.127
175,57,731,0.369
176,57,917,0.529
177,57,935,0.534
178,57,613,0.591
179,58,942,0.409
180,58,248,0.414
181,58,576,0.479
182,59,550,0.172
183,59,723,0.391
184,60,84,0.203
185,60,973,0.447
186,60,527,0.629
187,61,678,0.268
188,61,522,0.273
189,61,350,0.306
190,61,111,0.359
191,61,739,0.564
192,62,620,0.07
193,62,505,0.197
194,63,698,0.097
195,63,928,0.154
196,63,849,0.308
197,63,182,0.337
198,63,457,0.37
199,64,325,0.279
200,64,918,0.281
201,64,806,0.366
202,64,310,0.418
203,65,386,0.21
204,65,385,0.354
205,65,243,0.361
206,66,420,0.518
207,67,868,0.173
208,67,316,0.335
209,67,722,0.454
210,67,465,0.491
211,68,880,0.243
212,68,695,0.262
213,68,318,0.297
214,69,94,0.28
215,69,826,0.394
216,70,565,0.444
217,70,640,0.462
218,70,954,0.515
219,70,800,0.601
220,71,427,0.167
221,71,283,0.487
222,71,365,0.579
223,72,343,0.58
224,72,794,0.609
225,73,587,0.397
226,73,326,0.451
227,73,381,0.547
228,74,705,0.168
229,74,659,0.245
230,75,490,0.171
231,76,207,0.156
232,76,947,0.339
233,76,223,0.509
234,77,320,0.256
235,77,908,0.268
236,78,576,0.335
237,78,942,0.526
238,78,241,0.654
239,78,494,0.657
240,79,395,0.434
241,79,889,0.535
242,80,866,0.223
243,80,137,0.328
244,80,229,0.408
245,80,7,0.455
246,81,482,0.165
247,81,727,0.477
248,81,972,0.579
249,81,267,0.595
250,81,830,0.648
251,82,978,0.212
252,82,699,0.226
253,82,271,0.292
254,82,118,0.355
255,82,438,0.416
256,83,774,0.365
257,83,140,0.367
258,83,858,0.381
259,84,60,0.203
260,84,973,0.413
261,84,527,0.544
262,85,15,0.278
263,85,480,0.3
264,85,955,0.412
265,86,667,0.284
266,87,502,0.163
267,87,290,0.289
268,87,221,0.358
269,87,212,0.468
270,87,333,0.47
271,88,251,0.243
272,88,259,0.364
273,88,352,0.462
274,89,34,0.303
275,90,306,0.305
276,90,209,0.378
277,90,671,0.475
278,91,693,0.298
279,91,647,0.361
280,91,906,0.472
281,92,243,0.645
282,92,615,0.735
283,92,386,0.748
284,93,187,0.498
285,93,449,0.551
286,93,543,0.616
287,94,69,0.28
288,95,637,0.469
289,96,710,0.301
290,96,405,0.339
291,97,802,0.235
292,97,282,0.42
293,98,335,0.213
294,98,904,0.303
295,98,555,0.349
296,98,998,0.371
297,99,869,0.073
298,99,252,0.368
299,100,412,0.135
300,100,476,0.194
301,101,372,0.258
302,101,201,0.384
303,102,452,0.18
304,102,300,0.228
305,102,795,0.507
306,103,863,0.218
307,103,586,0.294
308,103,762,0.439
309,104,532,0.068
310,104,284,0.151
311,104,120,0.182
312,104,983,0.434
313,104,675,0.519
314,105,897,0.095
315,105,676,0.166
316,105,856,0.394
317,105,21,0.426
318,106,630,0.055
319,106,227,0.074
320,106,185,0.145
321,107,426,0.167
322,107,357,0.2
323,107,732,0.291
324,108,803,0.456
325,109,949,0.263
326,110,843,0.161
327,110,766,0.256
328,110,375,0.263
329,111,61,0.359
330,111,678,0.534
331,111,522,0.591
332,111,350,0.645
333,112,308,0.216
334,112,758,0.324
335,112,169,0.371
336,112,679,0.535
337,113,444,0.1
338,113,6,0.184
339,114,355,0.103
340,115,389,0.285
341,115,597,0.384
342,116,145,0.256
343,117,761,0.234
344,117,179,0.264
345,118,978,0.154
346,118,82,0.355
347,118,699,0.42
348,118,923,0.444
349,119,545,0.435
350,119,982,0.455
351,119,957,0.523
352,120,284,0.038
353,120,104,0.182
354,120,532,0.227
355,120,675,0.354
356,121,405,0.481
357,121,710,0.5
358,121,488,0.596
359,122,870,0.112
360,122,425,0.14
361,122,778,0.206
362,122,462,0.471
363,122,750,0.49
364,123,170,0.451
365,123,236,0.462
366,123,673,0.465
367,123,116,0.48
368,124,609,0.611
369,125,922,0.296
370,125,733,0.463
371,125,366,0.539
372,125,380,0.596
373,125,29,0.664
374,126,570,0.11
375,126,603,0.358
376,126,760,0.41
377,127,450,0.128
378,127,610,0.266
379,127,174,0.499
380,127,911,0.527
381,127,180,0.556
382,128,186,0.12
383,128,694,0.353
384,128,545,0.468
385,128,982,0.527
386,128,990,0.651
387,129,479,0.117
388,130,531,0.152
389,130,582,0.227
390,130,142,0.296
391,131,202,0.234
392,131,566,0.357
393,131,682,0.416
394,131,134,0.425
395,132,732,0.057
396,132,738,0.317
397,132,107,0.333
398,132,357,0.363
399,133,217,0.324
400,133,213,0.41
401,133,326,0.461
402,134,682,0.392
403,134,566,0.416
404,134,131,0.425
405,135,364,0.06
406,135,841,0.089
407,135,136,0.423
408,135,257,0.487
409,135,222,0.522
410,136,257,0.113
411,136,222,0.261
412,136,700,0.314
413,136,841,0.396
414,136,135,0.423
415,137,229,0.102
416,137,866,0.223
417,138,563,0.161
418,138,2,0.202
419,139,665,0.429
420,139,31,0.461
421,139,801,0.473
422,139,317,0.49
423,140,774,0.179
424,140,476,0.319
425,141,353,0.103
426,141,533,0.173
427,141,30,0.549
428,141,818,0.589
429,141,975,0.701
430,142,614,0.199
431,143,401,0.116
432,143,144,0.433
433,144,143,0.433
434,144,401,0.51
435,144,196,0.794
436,144,797,0.796
437,144,608,0.88
438,145,116,0.256
439,145,886,0.431
440,145,492,0.45
441,145,170,0.536
442,146,441,0.27
443,146,253,0.334
444,146,332,0.654
445,146,511,0.682
446,146,754,0.757
447,147,518,0.07
448,147,559,0.557
449,147,762,0.573
450,148,684,0.47
451,148,789,0.544
452,148,818,0.664
453,148,210,0.814
454,148,32,0.93
455,149,756,0.122
456,149,637,0.306
457,150,900,0.428
458,150,370,0.465
459,150,299,0.485
460,150,39,0.587
461,151,230,0.138
462,151,405,0.262
463,152,553,0.192
464,152,724,0.49
465,152,625,0.555
466,152,463,0.667
467,152,931,0.685
468,153,852,0.247
469,154,333,0.149
470,154,502,0.484
471,154,87,0.485
472,154,290,0.58
473,155,494,0.146
474,155,709,0.208
475,155,965,0.677
476,156,909,0.713
477,156,159,0.72
478,156,602,0.845
479,156,988,0.884
480,156,397,0.955
481,157,277,0.153
482,157,776,0.214
483,158,361,0.097
484,158,1,0.382
485,159,909,0.103
486,159,602,0.139
487,159,471,0.294
488,159,397,0.562
489,159,3,0.632
490,160,438,0.212
491,161,40,0.307
492,161,648,0.314
493,161,354,0.446
494,162,904,0.516
495,162,501,0.632
496,163,780,0.328
497,163,279,0.358
498,164,741,0.257
499,165,936,0.152
500,165,604,0.235
501,166,956,0.343
502,166,54,0.468
503,167,540,0.224
504,167,382,0.281
505,167,489,0.412
506,168,932,0.224
507,168,927,0.413
508,169,308,0.352
509,169,112,0.371
510,169,431,0.385
511,170,641,0.089
512,170,409,0.178
513,170,890,0.182
514,170,116,0.284
515,171,891,0.241
516,171,281,0.349
517,171,444,0.405
518,171,113,0.41
519,172,857,0.085
520,173,643,0.163
521,173,442,0.203
522,173,997,0.275
523,174,610,0.235
524,174,609,0.37
525,174,450,0.371
526,175,544,0.29
527,175,888,0.34
528,175,924,0.403
529,175,919,0.432
530,176,208,0.13
531,176,766,0.219
532,176,375,0.283
533,177,478,0.215
534,177,782,0.229
535,177,117,0.602
536,177,115,0.632
537,177,14,0.709
538,178,194,0.273
539,179,761,0.203
540,179,117,0.264
541,179,786,0.304
542,179,14,0.372
543,180,911,0.388
544,180,127,0.556
545,180,297,0.559
546,181,223,0.2
547,181,392,0.318
548,181,373,0.417
549,181,76,0.536
550,182,849,0.03
551,182,657,0.253
552,182,698,0.322
553,183,493,0.182
554,184,390,0.387
555,184,800,0.395
556,184,464,0.485
557,185,630,0.09
558,185,106,0.145
559,185,507,0.21
560,185,227,0.218
561,186,128,0.12
562,186,694,0.248
563,187,93,0.498
564,187,449,0.562
565,187,677,0.611
566,188,646,0.099
567,188,862,0.316
568,188,211,0.48
569,188,481,0.644
570,188,644,0.774
571,189,165,0.371
572,190,218,0.208
573,190,336,0.21
574,190,588,0.282
575,191,89,0.342
576,191,835,0.356
577,191,129,0.375
578,192,686,0.088
579,193,749,0.125
580,194,178,0.273
581,194,753,0.8
582,195,999,0.119
583,195,52,0.219
584,195,643,0.249
585,196,797,0.004
586,196,608,0.122
587,196,473,0.777
588,197,382,0.505
589,198,574,0.226
590,198,74,0.269
591,199,368,0.127
592,199,254,0.29
593,200,3,0.461
594,201,101,0.384
595,201,484,0.399
596,201,372,0.426
597,201,765,0.55
598,201,228,0.609
599,202,131,0.234
600,203,929,0.141
601,203,883,0.263
602,203,153,0.272
603,203,12,0.348
604,203,979,0.379
605,204,654,0.159
606,204,833,0.224
607,204,629,0.243
608,204,473,0.522
609,204,569,0.58
610,205,466,0.409
611,205,380,0.511
612,205,29,0.516
613,205,599,0.689
614,205,38,0.737
615,206,213,0.63
616,206,217,0.681
617,206,578,0.824
618,206,558,0.897
619,206,848,0.972
620,207,76,0.156
621,208,766,0.114
622,208,176,0.13
623,208,375,0.155
624,208,843,0.204
625,209,690,0.226
626,209,980,0.345
627,209,90,0.378
628,209,566,0.579
629,209,306,0.682
630,210,352,0.337
631,210,684,0.45
632,210,32,0.469
633,211,862,0.164
634,211,188,0.48
635,211,646,0.555
636,211,688,0.593
637,212,221,0.201
638,213,217,0.28
639,213,133,0.41
640,214,803,0.298
641,214,745,0.423
642,214,753,0.586
643,215,302,0.12
644,215,225,0.314
645,216,656,0.145
646,216,692,0.512
647,217,213,0.28
648,217,133,0.324
649,217,955,0.64
650,217,326,0.659
651,218,588,0.074
652,218,190,0.208
653,218,336,0.384
654,218,34,0.47
655,219,250,0.198
656,219,240,0.26
657,219,985,0.275
658,219,895,0.507
659,220,899,0.267
660,220,94,0.397
661,220,496,0.546
662,220,649,0.577
663,220,755,0.606
664,221,212,0.201
665,221,87,0.358
666,221,502,0.408
667,222,700,0.105
668,222,136,0.261
669,223,392,0.147
670,224,844,0.163
671,224,739,0.549
672,225,215,0.314
673,225,302,0.348
674,225,590,0.439
675,225,492,0.547
676,226,192,0.195
677,226,686,0.225
678,226,683,0.274
679,227,106,0.074
680,227,630,0.128
681,227,185,0.218
682,227,912,0.242
683,228,484,0.216
684,228,233,0.346
685,229,137,0.102
686,229,866,0.325
687,229,963,0.363
688,229,80,0.408
689,230,151,0.138
690,231,879,0.489
691,231,736,0.491
692,231,242,0.503
693,232,138,0.426
694,232,817,0.466
695,232,2,0.471
696,232,990,0.574
697,232,563,0.58
698,233,228,0.346
699,233,955,0.356
700,234,35,0.513
701,234,11,0.524
702,234,794,0.612
703,234,258,0.676
704,234,343,0.716
705,235,1,0.288
706,235,864,0.435
707,235,193,0.497
708,235,39,0.504
709,235,669,0.59
710,236,673,0.267
711,236,17,0.358
712,236,378,0.438
713,236,123,0.462
714,237,901,0.2
715,237,840,0.646
716,237,923,0.67
717,237,896,0.711
718,237,118,0.721
719,238,515,0.279
720,238,577,0.517
721,238,79,0.741
722,239,950,0.168
723,240,895,0.247
724,240,219,0.26
725,241,379,0.153
726,242,879,0.182
727,243,386,0.174
728,243,65,0.361
729,244,809,0.225
730,244,655,0.31
731,245,939,0.081
732,245,594,0.353
733,245,595,0.522
734,245,463,0.837
735,245,601,0.89
736,246,616,0.264
737,246,341,0.479
738,246,309,0.629
739,247,946,0.094
740,247,486,0.651
741,247,724,0.681
742,248,701,0.385
743,248,538,0.386
744,248,58,0.414
745,249,925,0.352
746,249,938,0.621
747,249,278,0.66
748,249,270,0.682
749,250,219,0.198
750,250,240,0.321
751,251,88,0.243
752,251,653,0.353
753,252,869,0.295
754,252,99,0.368
755,252,255,0.501
756,252,466,0.52
757,252,399,0.529
758,253,441,0.074
759,253,146,0.334
760,253,511,0.43
761,253,754,0.44
762,253,493,0.598
763,254,655,0.07
764,255,399,0.099
765,255,252,0.501
766,256,528,0.203
767,257,136,0.113
768,258,935,0.332
769,258,282,0.355
770,258,11,0.398
771,259,88,0.364
772,259,777,0.396
773,259,927,0.41
774,259,251,0.449
775,260,958,0.314
776,261,22,0.279
777,261,735,0.486
778,262,564,0.024
779,262,23,0.519
780,263,301,0.312
781,264,572,0.159
782,265,45,0.136
783,265,436,0.385
784,266,422,0.331
785,267,482,0.46
786,268,4,0.31
787,268,340,0.38
788,268,510,0.555
789,269,981,0.327
790,269,842,0.447
791,270,278,0.027
792,270,925,0.547
793,270,564,0.567
794,270,262,0.583
795,271,699,0.115
796,271,82,0.292
797,271,978,0.386
798,272,953,0.319
799,272,902,0.443
800,272,877,0.536
801,272,164,0.561
802,272,411,0.685
803,273,711,0.349
804,274,312,0.045
805,274,394,0.193
806,274,319,0.272
807,274,36,0.315
808,274,907,0.366
809,275,628,0.149
810,275,641,0.389
811,275,605,0.422
812,276,756,0.276
813,277,157,0.153
814,277,776,0.177
815,278,270,0.027
816,278,925,0.536
817,278,564,0.588
818,278,938,0.598
819,278,262,0.605
820,279,289,0.313
821,280,419,0.112
822,281,891,0.113
823,282,258,0.355
824,282,731,0.376
825,282,935,0.412
826,282,97,0.42
827,282,57,0.642
828,283,365,0.27
829,283,427,0.368
830,284,120,0.038
831,284,104,0.151
832,284,532,0.19
833,284,675,0.373
834,284,983,0.579
835,285,717,0.189
836,285,358,0.425
837,285,43,0.601
838,285,746,0.615
839,285,624,0.671
840,286,799,0.106
841,287,686,0.264
842,287,192,0.35
843,287,226,0.408
844,287,591,0.495
845,287,400,0.506
846,288,13,0.206
847,288,44,0.463
848,288,723,0.593
849,288,885,0.633
850,289,279,0.313
851,289,163,0.499
852,289,976,0.513
853,289,780,0.611
854,290,502,0.137
855,290,87,0.289
856,290,212,0.398
857,290,221,0.426
858,290,154,0.58
859,291,966,0.077
860,291,740,0.412
861,291,915,0.452
862,292,825,0.253
863,292,903,0.417
864,292,371,0.667
865,292,875,0.674
866,293,776,0.409
867,293,277,0.414
868,293,503,0.485
869,293,737,0.523
870,294,426,0.505
871,294,461,0.512
872,294,771,0.56
873,295,827,0.166
874,296,627,0.459
875,296,907,0.511
876,296,394,0.621
877,296,36,0.751
878,296,108,0.804
879,297,837,0.127
880,297,517,0.195
881,297,914,0.217
882,297,995,0.313
883,298,9,0.151
884,298,792,0.288
885,298,514,0.36
886,299,669,0.214
887,299,749,0.285
888,299,193,0.343
889,299,150,0.485
890,299,39,0.525
891,300,452,0.07
892,300,102,0.228
893,300,518,0.568
894,300,147,0.622
895,300,755,0.631
896,301,468,0.245
897,301,263,0.312
898,302,215,0.12
899,302,38,0.334
900,302,225,0.348
901,303,619,0.192
902,303,346,0.335
903,304,834,0.1
904,304,618,0.278
905,304,574,0.419
906,305,751,0.13
907,305,707,0.275
908,305,434,0.659
909,306,671,0.18
910,306,90,0.305
911,306,805,0.383
912,306,934,0.503
913,306,962,0.527
914,307,377,0.3
915,307,974,0.42
916,308,112,0.216
917,308,169,0.352
918,308,431,0.387
919,308,758,0.532
920,308,17,0.663
921,309,341,0.153
922,309,568,0.256
923,309,12,0.421
924,310,64,0.418
925,310,937,0.522
926,310,500,0.539
927,311,888,0.16
928,311,836,0.397
929,311,573,0.415
930,311,175,0.438
931,311,691,0.666
932,312,274,0.045
933,312,319,0.227
934,312,394,0.238
935,312,36,0.337
936,312,418,0.385
937,313,892,0.137
938,313,591,0.301
939,313,226,0.546
940,313,986,0.613
941,313,363,0.7
942,314,50,0.165
943,315,963,0.395
944,315,229,0.432
945,315,137,0.528
946,315,542,0.573
947,315,948,0.703
948,316,722,0.253
949,316,67,0.335
950,316,321,0.354
951,317,865,0.218
952,317,665,0.288
953,317,322,0.458
954,317,801,0.484
955,317,139,0.49
956,318,68,0.297
957,319,312,0.227
958,320,77,0.256
959,321,722,0.105
960,321,316,0.354
961,321,548,0.407
962,321,952,0.451
963,322,865,0.27
964,322,665,0.271
965,322,317,0.458
966,322,139,0.695
967,323,687,0.227
968,323,720,0.38
969,323,830,0.432
970,324,726,0.137
971,324,944,0.251
972,324,23,0.287
973,325,64,0.279
974,325,918,0.326
975,326,587,0.269
976,327,914,0.193
977,328,433,0.173
978,328,752,0.217
979,329,911,0.315
980,329,811,0.392
981,329,297,0.517
982,329,914,0.534
983,330,875,0.053
984,331,568,0.347
985,332,146,0.654
986,332,183,0.772
987,332,441,0.805
988,332,253,0.819
989,332,511,0.83
990,333,154,0.149
991,333,87,0.47
992,334,898,0.054
993,334,267,0.569
994,334,85,0.627
995,334,523,0.63
996,335,555,0.195
997,335,98,0.213
998,336,190,0.21
999,336,513,0.328
1000,336,218,0.384
1001,337,451,0.111
1002,337,695,0.33
1003,337,880,0.356
1004,338,872,0.132
1005,338,432,0.236
1006,338,575,0.302
1007,339,658,0.254
1008,339,256,0.279
1009,340,268,0.38
1010,340,763,0.421
1011,340,526,0.449
1012,340,579,0.46
1013,341,309,0.153
1014,342,760,0.32
1015,342,713,0.546
1016,342,692,0.573
1017,342,819,0.585
1018,342,126,0.645
1019,343,794,0.139
1020,344,982,0.239
1021,344,821,0.458
1022,344,841,0.589
1023,345,467,0.281
1024,345,945,0.357
1025,345,428,0.4
1026,346,670,0.086
1027,346,795,0.219
1028,346,421,0.237
1029,346,619,0.309
1030,346,303,0.335
1031,347,479,0.203
1032,348,100,0.248
1033,349,612,0.393
1034,349,393,0.681
1035,350,522,0.077
1036,350,61,0.306
1037,350,569,0.389
1038,350,678,0.416
1039,351,318,0.304
1040,351,781,0.34
1041,351,498,0.342
1042,351,7,0.471
1043,352,210,0.337
1044,352,88,0.462
1045,353,141,0.103
1046,353,533,0.274
1047,353,30,0.464
1048,353,975,0.602
1049,354,39,0.351
1050,354,161,0.446
1051,354,158,0.473
1052,355,114,0.103
1053,355,882,0.472
1054,355,668,0.615
1055,355,66,0.624
1056,356,996,0.047
1057,356,651,0.41
1058,356,384,0.472
1059,356,718,0.484
1060,356,970,0.5
1061,357,107,0.2
1062,358,285,0.425
1063,358,624,0.426
1064,358,824,0.435
1065,358,529,0.438
1066,358,69,0.556
1067,359,956,0.289
1068,359,460,0.412
1069,360,607,0.247
1070,360,969,0.323
1071,360,110,0.41
1072,360,843,0.482
1073,361,158,0.097
1074,361,580,0.327
1075,362,556,0.034
1076,362,993,0.422
1077,363,597,0.279
1078,364,135,0.06
1079,364,841,0.146
1080,364,136,0.465
1081,364,991,0.495
1082,364,257,0.536
1083,365,283,0.27
1084,365,725,0.512
1085,365,427,0.531
1086,365,71,0.579
1087,366,215,0.372
1088,366,38,0.378
1089,366,380,0.397
1090,366,302,0.43
1091,367,455,0.626
1092,367,825,0.628
1093,367,903,0.648
1094,368,199,0.127
1095,368,254,0.353
1096,368,593,0.392
1097,368,734,0.397
1098,369,263,0.386
1099,370,900,0.048
1100,370,150,0.465
1101,370,807,0.51
1102,370,759,0.51
1103,370,773,0.531
1104,371,28,0.42
1105,371,330,0.448
1106,372,101,0.258
1107,372,201,0.426
1108,372,765,0.437
1109,373,964,0.181
1110,374,986,0.44
1111,374,567,0.568
1112,374,903,0.594
1113,374,287,0.663
1114,374,825,0.7
1115,375,843,0.108
1116,375,766,0.149
1117,375,208,0.155
1118,375,969,0.253
1119,375,110,0.263
1120,376,255,0.541
1121,376,38,0.556
1122,377,307,0.3
1123,377,974,0.45
1124,377,800,0.487
1125,378,10,0.326
1126,378,236,0.438
1127,379,241,0.153
1128,379,10,0.242
1129,379,942,0.361
1130,379,378,0.568
1131,380,38,0.333
1132,380,366,0.397
1133,381,765,0.228
1134,381,435,0.288
1135,381,716,0.331
1136,382,167,0.281
1137,383,764,0.474
1138,383,327,0.579
1139,384,773,0.37
1140,384,970,0.389
1141,384,807,0.417
1142,384,356,0.472
1143,385,393,0.189
1144,385,386,0.325
1145,385,65,0.354
1146,385,243,0.472
1147,385,121,0.605
1148,386,243,0.174
1149,386,65,0.21
1150,387,417,0.228
1151,387,460,0.594
1152,388,470,0.15
1153,388,283,0.394
1154,388,427,0.557
1155,388,365,0.648
1156,388,968,0.68
1157,389,597,0.199
1158,389,115,0.285
1159,389,458,0.429
1160,390,430,0.182
1161,390,184,0.387
1162,391,750,0.149
1163,391,778,0.339
1164,392,223,0.147
1165,393,385,0.189
1166,393,65,0.438
1167,393,386,0.483
1168,393,785,0.631
1169,394,627,0.191
1170,395,889,0.103
1171,395,921,0.238
1172,395,79,0.434
1173,396,975,0.145
1174,396,497,0.236
1175,396,404,0.317
1176,396,30,0.397
1177,397,471,0.459
1178,397,909,0.462
1179,397,602,0.495
1180,397,200,0.525
1181,398,662,0.107
1182,398,810,0.395
1183,398,99,0.44
1184,399,255,0.099
1185,400,192,0.263
1186,400,686,0.297
1187,400,54,0.308
1188,400,683,0.332
1189,401,143,0.116
1190,401,144,0.51
1191,402,771,0.201
1192,402,850,0.455
1193,403,526,0.522
1194,403,340,0.582
1195,404,396,0.317
1196,404,975,0.378
1197,404,948,0.392
1198,404,497,0.397
1199,405,710,0.039
1200,405,151,0.262
1201,405,230,0.323
1202,405,96,0.339
1203,406,926,0.347
1204,406,48,0.452
1205,406,439,0.508
1206,407,772,0.287
1207,407,853,0.324
1208,407,653,0.404
1209,407,424,0.415
1210,407,728,0.418
1211,408,705,0.129
1212,408,659,0.14
1213,409,890,0.006
1214,409,641,0.13
1215,409,860,0.149
1216,409,170,0.178
1217,410,260,0.347
1218,410,652,0.382
1219,410,547,0.42
1220,410,165,0.536
1221,410,958,0.551
1222,411,525,0.201
1223,411,902,0.296
1224,411,551,0.342
1225,411,919,0.556
1226,412,476,0.09
1227,412,100,0.135
1228,413,801,0.198
1229,414,815,0.026
1230,414,950,0.229
1231,415,266,0.333
1232,416,475,0.517
1233,416,748,0.555
1234,416,633,0.566
1235,416,606,0.586
1236,416,887,0.594
1237,417,387,0.228
1238,417,613,0.412
1239,417,917,0.465
1240,417,685,0.676
1241,417,617,0.742
1242,418,446,0.253
1243,418,512,0.254
1244,418,312,0.385
1245,418,274,0.398
1246,418,319,0.447
1247,419,280,0.112
1248,419,775,0.24
1249,419,19,0.424
1250,419,674,0.428
1251,419,830,0.446
1252,420,32,0.283
1253,420,673,0.286
1254,421,670,0.234
1255,421,346,0.237
1256,421,485,0.294
1257,421,734,0.361
1258,422,266,0.331
1259,423,677,0.285
1260,423,857,0.322
1261,423,449,0.394
1262,423,172,0.397
1263,423,822,0.427
1264,424,853,0.093
1265,424,728,0.176
1266,425,870,0.04
1267,425,122,0.14
1268,426,107,0.167
1269,426,357,0.318
1270,426,732,0.445
1271,426,132,0.493
1272,426,294,0.505
1273,427,71,0.167
1274,427,283,0.368
1275,428,945,0.053
1276,428,41,0.124
1277,428,467,0.137
1278,428,708,0.279
1279,429,598,0.117
1280,429,453,0.481
1281,429,508,0.663
1282,429,392,0.672
1283,430,390,0.182
1284,430,560,0.391
1285,431,169,0.385
1286,431,308,0.387
1287,432,338,0.236
1288,432,872,0.298
1289,433,328,0.173
1290,433,681,0.262
1291,433,752,0.361
1292,433,667,0.505
1293,434,666,0.545
1294,434,305,0.659
1295,435,445,0.236
1296,435,716,0.237
1297,435,381,0.288
1298,435,765,0.396
1299,436,45,0.249
1300,436,791,0.259
1301,436,635,0.259
1302,436,863,0.291
1303,436,265,0.385
1304,437,881,0.288
1305,437,808,0.334
1306,437,288,0.75
1307,437,44,0.812
1308,437,495,0.893
1309,438,160,0.212
1310,438,912,0.399
1311,438,82,0.416
1312,438,227,0.447
1313,439,48,0.306
1314,439,926,0.494
1315,439,406,0.508
1316,440,46,0.129
1317,440,933,0.244
1318,440,16,0.57
1319,440,324,0.665
1320,440,262,0.708
1321,441,253,0.074
1322,441,146,0.27
1323,442,173,0.203
1324,442,997,0.334
1325,442,643,0.342
1326,442,999,0.406
1327,443,983,0.241
1328,444,113,0.1
1329,444,6,0.139
1330,444,37,0.391
1331,444,171,0.405
1332,445,435,0.236
1333,445,716,0.419
1334,445,273,0.447
1335,446,512,0.032
1336,447,983,0.55
1337,447,532,0.585
1338,447,104,0.652
1339,447,284,0.703
1340,447,120,0.737
1341,448,664,0.164
1342,448,519,0.534
1343,448,744,0.631
1344,448,842,0.685
1345,449,677,0.276
1346,449,423,0.394
1347,450,127,0.128
1348,451,337,0.111
1349,451,412,0.258
1350,451,100,0.302
1351,451,476,0.337
1352,452,300,0.07
1353,452,102,0.18
1354,452,518,0.532
1355,452,147,0.59
1356,452,755,0.642
1357,453,813,0.393
1358,454,792,0.306
1359,454,605,0.315
1360,455,875,0.561
1361,455,330,0.614
1362,455,367,0.626
1363,455,292,0.703
1364,456,920,0.39
1365,456,9,0.529
1366,457,698,0.283
1367,457,925,0.36
1368,458,597,0.269
1369,458,363,0.375
1370,459,648,0.303
1371,460,572,0.185
1372,460,264,0.304
1373,460,359,0.412
1374,460,921,0.511
1375,461,294,0.512
1376,461,426,0.608
1377,461,592,0.693
1378,461,771,0.713
1379,462,778,0.366
1380,463,625,0.176
1381,463,594,0.49
1382,463,152,0.667
1383,463,931,0.722
1384,463,553,0.784
1385,464,784,0.141
1386,464,184,0.485
1387,465,571,0.23
1388,465,868,0.33
1389,465,67,0.491
1390,465,959,0.492
1391,466,205,0.409
1392,466,252,0.52
1393,466,376,0.609
1394,466,255,0.699
1395,467,945,0.085
1396,467,428,0.137
1397,467,41,0.203
1398,468,301,0.245
1399,469,5,0.166
1400,469,739,0.488
1401,469,994,0.495
1402,470,388,0.15
1403,470,283,0.525
1404,470,968,0.53
1405,471,602,0.155
1406,471,909,0.273
1407,472,737,0.108
1408,472,503,0.145
1409,472,537,0.266
1410,472,787,0.314
1411,472,277,0.428
1412,473,629,0.459
1413,473,204,0.522
1414,473,654,0.681
1415,473,833,0.738
1416,474,523,0.23
1417,474,508,0.255
1418,475,606,0.138
1419,475,887,0.184
1420,475,912,0.187
1421,475,507,0.389
1422,475,227,0.4
1423,476,412,0.09
1424,477,567,0.533
1425,477,117,0.61
1426,477,179,0.693
1427,477,115,0.723
1428,478,177,0.215
1429,479,129,0.117
1430,479,347,0.203
1431,479,600,0.301
1432,479,835,0.428
1433,480,15,0.08
1434,480,85,0.3
1435,480,474,0.36
1436,481,256,0.328
1437,482,81,0.165
1438,482,267,0.46
1439,482,727,0.586
1440,483,207,0.428
1441,483,76,0.584
1442,483,500,0.642
1443,483,109,0.806
1444,483,813,0.815
1445,484,228,0.216
1446,484,201,0.399
1447,484,233,0.562
1448,484,133,0.634
1449,485,734,0.155
1450,485,593,0.181
1451,486,946,0.557
1452,486,509,0.558
1453,486,943,0.569
1454,486,247,0.651
1455,487,37,0.259
1456,487,930,0.436
1457,488,661,0.162
1458,489,639,0.235
1459,490,75,0.171
1460,490,459,0.519
1461,490,639,0.647
1462,490,680,0.685
1463,490,648,0.799
1464,491,895,0.366
1465,491,671,0.602
1466,491,240,0.61
1467,492,145,0.45
1468,492,590,0.49
1469,492,225,0.547
1470,492,886,0.633
1471,492,116,0.666
1472,493,511,0.174
1473,493,183,0.182
1474,494,155,0.146
1475,494,709,0.326
1476,494,965,0.631
1477,494,78,0.657
1478,495,541,0.559
1479,495,808,0.586
1480,495,724,0.832
1481,495,437,0.893
1482,495,881,0.956
1483,496,94,0.38
1484,496,69,0.428
1485,496,220,0.546
1486,496,899,0.81
1487,496,826,0.815
1488,497,396,0.236
1489,497,30,0.239
1490,497,975,0.379
1491,498,7,0.172
1492,498,781,0.285
1493,498,351,0.342
1494,498,80,0.587
1495,498,318,0.623
1496,499,971,0.11
1497,500,949,0.425
1498,500,310,0.539
1499,500,109,0.559
1500,501,998,0.125
1501,501,904,0.304
1502,502,290,0.137
1503,502,87,0.163
1504,502,221,0.408
1505,502,212,0.444
1506,502,154,0.484
1507,503,737,0.131
1508,503,472,0.145
1509,504,513,0.518
1510,504,336,0.566
1511,504,397,0.6
1512,504,959,0.624
1513,504,894,0.663
1514,505,62,0.197
1515,505,596,0.206
1516,506,263,0.391
1517,506,27,0.441
1518,506,301,0.446
1519,507,185,0.21
1520,507,630,0.25
1521,507,106,0.289
1522,507,838,0.333
1523,507,227,0.339
1524,508,474,0.255
1525,508,523,0.464
1526,509,943,0.41
1527,509,486,0.558
1528,509,910,0.817
1529,509,946,0.991
1530,510,55,0.264
1531,510,631,0.31
1532,510,4,0.362
1533,511,493,0.174
1534,511,754,0.227
1535,512,446,0.032
1536,512,418,0.254
1537,512,791,0.328
1538,513,336,0.328
1539,513,959,0.412
1540,513,571,0.505
1541,514,657,0.275
1542,515,238,0.279
1543,515,577,0.582
1544,515,317,0.637
1545,516,854,0.562
1546,516,303,0.644
1547,516,619,0.824
1548,516,421,0.908
1549,517,995,0.129
1550,517,297,0.195
1551,518,147,0.07
1552,518,452,0.532
1553,518,809,0.547
1554,519,981,0.381
1555,519,842,0.402
1556,519,664,0.415
1557,519,989,0.437
1558,519,448,0.534
1559,520,25,0.173
1560,520,988,0.249
1561,520,951,0.516
1562,521,813,0.202
1563,521,689,0.289
1564,521,719,0.33
1565,521,703,0.501
1566,521,453,0.535
1567,522,350,0.077
1568,522,61,0.273
1569,523,474,0.23
1570,524,984,0.303
1571,524,786,0.384
1572,524,179,0.534
1573,524,19,0.554
1574,524,761,0.686
1575,525,411,0.201
1576,525,902,0.299
1577,526,579,0.069
1578,526,763,0.133
1579,527,973,0.207
1580,528,256,0.203
1581,529,624,0.145
1582,530,642,0.422
1583,530,585,0.463
1584,531,130,0.152
1585,531,142,0.202
1586,532,104,0.068
1587,533,141,0.173
1588,534,127,0.565
1589,535,835,0.522
1590,535,129,0.721
1591,536,510,0.39
1592,537,787,0.058
1593,538,248,0.386
1594,538,701,0.581
1595,538,961,0.603
1596,538,576,0.73
1597,539,546,0.23
1598,539,871,0.37
1599,539,867,0.398
1600,540,167,0.224
1601,540,382,0.366
1602,540,639,0.412
1603,540,489,0.469
1604,541,724,0.427
1605,541,495,0.559
1606,541,808,0.609
1607,541,553,0.625
1608,541,152,0.78
1609,542,948,0.24
1610,543,93,0.616
1611,543,712,0.696
1612,543,449,0.728
1613,544,924,0.114
1614,544,741,0.214
1615,545,920,0.429
1616,545,119,0.435
1617,545,128,0.468
1618,545,982,0.56
1619,545,186,0.58
1620,546,867,0.214
1621,546,539,0.23
1622,546,871,0.232
1623,547,958,0.375
1624,548,34,0.302
1625,548,638,0.339
1626,549,992,0.175
1627,549,648,0.318
1628,549,812,0.357
1629,550,59,0.172
1630,550,723,0.544
1631,551,555,0.27
1632,551,411,0.342
1633,551,18,0.342
1634,551,525,0.357
1635,551,335,0.462
1636,552,702,0.326
1637,553,152,0.192
1638,553,724,0.298
1639,554,57,0.127
1640,554,917,0.406
1641,554,613,0.475
1642,554,731,0.486
1643,555,335,0.195
1644,555,551,0.27
1645,555,18,0.333
1646,555,98,0.349
1647,555,525,0.474
1648,556,362,0.034
1649,556,937,0.428
1650,557,580,0.241
1651,557,810,0.429
1652,558,861,0.462
1653,558,848,0.542
1654,558,261,0.678
1655,559,762,0.289
1656,560,430,0.391
1657,560,390,0.561
1658,560,307,0.715
1659,560,885,0.722
1660,561,832,0.252
1661,562,659,0.262
1662,562,408,0.352
1663,563,967,0.155
1664,563,138,0.161
1665,563,846,0.286
1666,564,262,0.024
1667,564,23,0.528
1668,564,457,0.544
1669,565,800,0.157
1670,565,70,0.444
1671,565,184,0.487
1672,565,640,0.5
1673,566,131,0.357
1674,566,690,0.368
1675,566,202,0.413
1676,566,134,0.416
1677,566,209,0.579
1678,567,477,0.533
1679,567,374,0.568
1680,567,986,0.613
1681,567,799,0.807
1682,567,286,0.906
1683,568,309,0.256
1684,568,331,0.347
1685,568,341,0.369
1686,568,874,0.401
1687,569,42,0.382
1688,569,350,0.389
1689,570,126,0.11
1690,571,465,0.23
1691,571,868,0.331
1692,571,722,0.488
1693,571,321,0.495
1694,571,67,0.5
1695,572,264,0.159
1696,572,460,0.185
1697,573,311,0.415
1698,573,836,0.416
1699,573,888,0.558
1700,573,642,0.667
1701,574,618,0.158
1702,574,989,0.183
1703,574,198,0.226
1704,574,834,0.352
1705,575,872,0.199
1706,576,942,0.261
1707,576,78,0.335
1708,576,58,0.479
1709,576,241,0.49
1710,577,238,0.517
1711,577,515,0.582
1712,578,848,0.385
1713,578,85,0.479
1714,578,955,0.522
1715,578,217,0.66
1716,579,526,0.069
1717,580,557,0.241
1718,580,702,0.294
1719,581,994,0.169
1720,581,5,0.571
1721,582,130,0.227
1722,582,531,0.347
1723,582,142,0.383
1724,582,42,0.409
1725,582,614,0.491
1726,583,697,0.133
1727,584,796,0.267
1728,584,575,0.347
1729,584,52,0.376
1730,584,195,0.506
1731,584,999,0.533
1732,585,743,0.292
1733,585,530,0.463
1734,585,596,0.535
1735,586,762,0.23
1736,586,103,0.294
1737,586,559,0.431
1738,586,863,0.508
1739,587,326,0.269
1740,587,73,0.397
1741,587,213,0.52
1742,588,218,0.074
1743,588,190,0.282
1744,589,392,0.461
1745,589,727,0.576
1746,590,758,0.37
1747,590,225,0.439
1748,590,492,0.49
1749,591,313,0.301
1750,591,226,0.321
1751,591,892,0.38
1752,591,986,0.434
1753,592,617,0.615
1754,592,461,0.693
1755,592,685,0.711
1756,592,426,0.788
1757,593,485,0.181
1758,594,245,0.353
1759,594,939,0.394
1760,594,463,0.49
1761,595,369,0.492
1762,596,505,0.206
1763,596,647,0.351
1764,596,62,0.389
1765,596,620,0.404
1766,596,906,0.427
1767,597,389,0.199
1768,597,458,0.269
1769,598,429,0.117
1770,599,864,0.687
1771,599,205,0.689
1772,599,466,0.758
1773,599,29,0.795
1774,600,479,0.301
1775,600,347,0.31
1776,601,595,0.493
1777,602,159,0.139
1778,602,909,0.14
1779,603,570,0.286
1780,603,126,0.358
1781,604,936,0.092
1782,605,454,0.315
1783,605,792,0.38
1784,605,275,0.422
1785,605,628,0.567
1786,605,298,0.584
1787,606,887,0.051
1788,606,475,0.138
1789,607,360,0.247
1790,607,634,0.293
1791,607,969,0.43
1792,607,987,0.593
1793,608,797,0.118
1794,609,174,0.37
1795,609,610,0.598
1796,610,450,0.139
1797,611,263,0.318
1798,611,369,0.404
1799,611,506,0.487
1800,611,595,0.596
1801,612,349,0.393
1802,613,917,0.105
1803,613,417,0.412
1804,613,554,0.475
1805,613,57,0.591
1806,614,142,0.199
1807,614,531,0.4
1808,614,320,0.448
1809,615,787,0.46
1810,615,537,0.501
1811,615,672,0.593
1812,616,246,0.264
1813,616,341,0.351
1814,616,331,0.46
1815,617,685,0.098
1816,617,592,0.615
1817,617,417,0.742
1818,618,574,0.158
1819,618,834,0.235
1820,618,304,0.278
1821,619,303,0.192
1822,620,62,0.07
1823,620,505,0.233
1824,620,906,0.336
1825,621,626,0.117
1826,621,718,0.374
1827,621,906,0.42
1828,622,915,0.111
1829,623,23,0.362
1830,623,730,0.392
1831,623,457,0.403
1832,624,529,0.145
1833,624,824,0.29
1834,624,768,0.41
1835,624,358,0.426
1836,624,826,0.533
1837,625,463,0.176
1838,625,594,0.545
1839,625,931,0.553
1840,625,152,0.555
1841,626,621,0.117
1842,626,718,0.335
1843,626,62,0.438
1844,626,906,0.44
1845,626,620,0.468
1846,627,394,0.191
1847,627,907,0.284
1848,627,36,0.305
1849,628,275,0.149
1850,628,641,0.299
1851,629,204,0.243
1852,630,106,0.055
1853,630,185,0.09
1854,630,227,0.128
1855,631,510,0.31
1856,631,536,0.5
1857,631,4,0.547
1858,632,239,0.266
1859,632,950,0.368
1860,632,815,0.596
1861,632,414,0.597
1862,633,838,0.411
1863,633,507,0.434
1864,633,416,0.566
1865,633,622,0.576
1866,633,185,0.611
1867,634,607,0.293
1868,634,987,0.3
1869,635,436,0.259
1870,636,562,0.364
1871,636,913,0.392
1872,637,752,0.295
1873,637,149,0.306
1874,638,548,0.339
1875,638,34,0.445
1876,638,930,0.454
1877,638,321,0.477
1878,638,952,0.513
1879,639,489,0.235
1880,640,70,0.462
1881,640,565,0.5
1882,641,170,0.089
1883,641,409,0.13
1884,641,890,0.136
1885,641,860,0.268
1886,642,836,0.302
1887,642,530,0.422
1888,642,585,0.628
1889,642,573,0.667
1890,642,888,0.681
1891,643,999,0.162
1892,643,173,0.163
1893,643,195,0.249
1894,643,442,0.342
1895,643,997,0.405
1896,644,660,0.468
1897,644,831,0.634
1898,645,755,0.057
1899,645,619,0.394
1900,645,649,0.462
1901,645,712,0.536
1902,646,188,0.099
1903,646,862,0.392
1904,647,906,0.127
1905,647,505,0.228
1906,647,62,0.332
1907,648,459,0.303
1908,648,161,0.314
1909,648,549,0.318
1910,648,40,0.443
1911,648,992,0.457
1912,649,712,0.074
1913,649,899,0.354
1914,650,962,0.436
1915,650,682,0.474
1916,651,996,0.367
1917,651,718,0.4
1918,652,410,0.382
1919,652,189,0.465
1920,653,728,0.189
1921,653,853,0.302
1922,653,424,0.352
1923,653,251,0.353
1924,654,833,0.096
1925,654,204,0.159
1926,654,629,0.342
1927,655,254,0.07
1928,656,216,0.145
1929,657,182,0.253
1930,657,849,0.263
1931,657,757,0.274
1932,658,339,0.254
1933,658,528,0.329
1934,658,256,0.365
1935,658,829,0.403
1936,659,705,0.131
1937,659,408,0.14
1938,660,831,0.216
1939,661,940,0.158
1940,661,488,0.162
1941,661,845,0.393
1942,661,96,0.417
1943,662,398,0.107
1944,662,810,0.289
1945,663,55,0.436
1946,663,221,0.47
1947,664,448,0.164
1948,665,865,0.248
1949,666,526,0.527
1950,666,434,0.545
1951,667,681,0.266
1952,667,86,0.284
1953,667,433,0.505
1954,668,882,0.204
1955,668,114,0.597
1956,668,83,0.607
1957,669,749,0.071
1958,669,193,0.16
1959,669,299,0.214
1960,669,235,0.59
1961,670,346,0.086
1962,671,306,0.18
1963,671,805,0.254
1964,671,934,0.42
1965,671,604,0.45
1966,671,90,0.475
1967,672,615,0.593
1968,672,535,0.748
1969,672,92,0.805
1970,672,347,0.887
1971,672,479,0.943
1972,673,236,0.267
1973,673,420,0.286
1974,673,123,0.465
1975,673,32,0.499
1976,673,628,0.586
1977,674,19,0.289
1978,674,280,0.37
1979,674,419,0.428
1980,674,775,0.449
1981,674,786,0.527
1982,675,120,0.354
1983,675,284,0.373
1984,675,913,0.47
1985,675,104,0.519
1986,676,897,0.141
1987,677,857,0.127
1988,677,172,0.206
1989,677,449,0.276
1990,677,423,0.285
1991,678,61,0.268
1992,678,739,0.298
1993,678,350,0.416
1994,679,758,0.416
1995,680,489,0.238
1996,680,639,0.349
1997,680,949,0.532
1998,681,433,0.262
1999,682,6,0.289
2000,682,134,0.392
2001,682,131,0.416
2002,682,444,0.422
2003,683,192,0.246
2004,684,210,0.45
2005,684,148,0.47
2006,684,352,0.512
2007,684,251,0.69
2008,685,617,0.098
2009,686,192,0.088
2010,686,226,0.225
2011,686,287,0.264
2012,686,400,0.297
2013,687,323,0.227
2014,687,720,0.233
2015,688,211,0.593
2016,689,521,0.289
2017,690,209,0.226
2018,690,980,0.312
2019,690,566,0.368
2020,690,90,0.48
2021,691,729,0.197
2022,691,41,0.342
2023,692,819,0.135
2024,692,713,0.23
2025,692,216,0.512
2026,692,342,0.573
2027,693,91,0.298
2028,693,743,0.458
2029,693,596,0.482
2030,694,186,0.248
2031,694,990,0.312
2032,694,128,0.353
2033,694,846,0.452
2034,695,68,0.262
2035,695,348,0.292
2036,695,318,0.325
2037,695,337,0.33
2038,695,880,0.37
2039,696,191,0.493
2040,696,89,0.615
2041,696,638,0.651
2042,696,835,0.669
2043,696,124,0.676
2044,697,583,0.133
2045,697,706,0.299
2046,697,768,0.67
2047,697,826,0.734
2048,697,822,0.806
2049,698,63,0.097
2050,698,928,0.243
2051,698,457,0.283
2052,698,849,0.299
2053,698,182,0.322
2054,699,271,0.115
2055,699,82,0.226
2056,699,978,0.275
2057,699,118,0.42
2058,699,923,0.512
2059,700,222,0.105
2060,700,136,0.314
2061,701,961,0.192
2062,701,248,0.385
2063,701,932,0.437
2064,701,58,0.562
2065,702,580,0.294
2066,702,552,0.326
2067,702,361,0.362
2068,702,810,0.447
2069,702,158,0.459
2070,703,689,0.332
2071,703,719,0.474
2072,704,855,0.251
2073,704,971,0.619
2074,704,499,0.726
2075,704,593,0.845
2076,705,408,0.129
2077,705,659,0.131
2078,706,583,0.239
2079,706,697,0.299
2080,707,751,0.151
2081,707,305,0.275
2082,707,661,0.539
2083,707,940,0.564
2084,707,845,0.69
2085,708,428,0.279
2086,708,945,0.316
2087,708,18,0.351
2088,708,467,0.37
2089,708,41,0.378
2090,709,155,0.208
2091,709,494,0.326
2092,709,965,0.632
2093,709,976,0.723
2094,710,405,0.039
2095,711,273,0.349
2096,711,716,0.396
2097,711,445,0.454
2098,712,649,0.074
2099,712,899,0.364
2100,712,645,0.536
2101,712,755,0.562
2102,713,819,0.108
2103,713,692,0.23
2104,714,382,0.486
2105,714,197,0.536
2106,714,373,0.608
2107,714,964,0.646
2108,715,987,0.375
2109,716,435,0.237
2110,716,765,0.275
2111,716,381,0.331
2112,716,711,0.396
2113,716,445,0.419
2114,717,285,0.189
2115,717,603,0.599
2116,717,570,0.604
2117,718,626,0.335
2118,718,970,0.339
2119,719,521,0.33
2120,720,830,0.072
2121,721,20,0.09
2122,721,938,0.308
2123,721,880,0.595
2124,721,769,0.635
2125,721,337,0.638
2126,722,321,0.105
2127,722,316,0.253
2128,722,952,0.428
2129,722,868,0.43
2130,723,13,0.389
2131,723,59,0.391
2132,724,553,0.298
2133,724,541,0.427
2134,724,152,0.49
2135,724,247,0.681
2136,725,812,0.499
2137,726,324,0.137
2138,726,23,0.15
2139,726,944,0.226
2140,726,730,0.39
2141,726,623,0.509
2142,727,972,0.15
2143,727,964,0.344
2144,727,373,0.424
2145,728,853,0.163
2146,728,424,0.176
2147,728,653,0.189
2148,729,691,0.197
2149,730,23,0.294
2150,731,935,0.179
2151,731,57,0.369
2152,731,282,0.376
2153,731,258,0.453
2154,731,554,0.486
2155,732,132,0.057
2156,732,107,0.291
2157,733,922,0.203
2158,733,780,0.319
2159,734,485,0.155
2160,734,593,0.318
2161,734,199,0.358
2162,735,22,0.375
2163,735,261,0.486
2164,735,916,0.531
2165,735,478,0.586
2166,735,884,0.679
2167,736,53,0.301
2168,736,231,0.491
2169,736,887,0.518
2170,736,798,0.559
2171,736,606,0.569
2172,737,472,0.108
2173,737,503,0.131
2174,737,537,0.37
2175,737,787,0.414
2176,738,132,0.317
2177,738,732,0.373
2178,738,357,0.487
2179,739,678,0.298
2180,739,469,0.488
2181,739,224,0.549
2182,739,61,0.564
2183,739,5,0.634
2184,740,915,0.106
2185,740,622,0.212
2186,741,924,0.138
2187,741,544,0.214
2188,741,164,0.257
2189,741,175,0.463
2190,742,834,0.745
2191,743,585,0.292
2192,744,842,0.4
2193,744,664,0.503
2194,745,753,0.23
2195,745,214,0.423
2196,745,803,0.46
2197,745,178,0.703
2198,745,717,0.755
2199,746,43,0.014
2200,747,472,0.604
2201,748,416,0.555
2202,748,937,0.634
2203,749,669,0.071
2204,749,193,0.125
2205,749,299,0.285
2206,749,908,0.599
2207,750,391,0.149
